time,x,y,z,phi,theta,psi,x_velocity,y_velocity,z_velocity,phi_velocity,theta_velocity,psi_velocity,rotor_speed1,rotor_speed2,rotor_speed3,rotor_speed4
0.06,3.456476961537018e-08,9.646365974743249e-08,10.004230106912017,0.00010276296579281308,6.282830630313473,0.0,1.610361880606539e-05,8.988254976867309e-06,0.14099582798073734,0.004935419690239645,-0.021634792222586838,0.0,450.49129238408165,448.7388906342682,449.62294972440617,450.0225138963149
0.12000000000000001,1.4558169750167273e-05,4.78570242668777e-06,10.017740013527463,0.0008382463388425521,6.281472754583952,0.0,0.0006168156463716251,0.00020851233726319778,0.30930302281496597,0.02390465434922232,-0.024702400133047846,0.0,457.8091479622676,457.5650252486589,457.752040584453,459.25872050209824
0.18,0.00010113135178635239,4.5532896145484754e-05,10.043538617928462,0.0017074078687846495,6.279699313303492,0.0,0.002465941798335333,0.0013124515508226924,0.5505644627639593,-0.02162930453428992,-0.041662290207329276,0.0,480.7231562673499,479.4362626863865,481.1782496736669,477.7193160153552
0.23999999999999996,0.00033905106539291606,0.00015771731035568243,10.081730517499825,0.00036196038594926705,6.277331282552085,0.0,0.005738140997582356,0.002278075869123676,0.7224045853622683,-0.02406294901372729,-0.03540438022154348,0.0,459.67163417960643,460.16646450627456,459.11970424682016,458.9265950203578
0.3,0.0008069012751598246,0.0002962244386391327,10.127193106907763,6.282026440518546,6.275192101058947,0.0,0.01006472332452216,0.00219421051755325,0.7929669493204446,-0.028047390083420214,-0.03615489405889114,0.0,427.4954809321171,427.43091754439337,428.7298113826801,428.39104714786515
0.36000000000000004,0.0015613099819896256,0.00040164643289455524,10.175102065516645,6.2805917769403905,6.273492960084836,0.0,0.01525098037164643,0.0011823545722045763,0.8039888401510156,-0.01671043145557338,-0.016026040242603037,0.0,407.1586153859253,408.95487659207026,408.1520921082132,409.1623632186312
0.4200000000000001,0.00267791842840733,0.00041568349186266493,10.226129926389277,6.279444407045212,6.272793232830438,0.0,0.02205126604350375,-0.00082227496315266,0.8968699548032432,-0.024445853894061637,-0.004116408481563227,0.0,434.60914317876296,435.6061806062169,435.85816038090445,435.2113085452125
0.48000000000000015,0.004240947958736021,0.00027397445376038345,10.285280798473512,6.2777931093712045,6.27211492494275,0.0,0.030093112488082215,-0.004076769385937343,1.074674043920848,-0.034517460095027507,-0.03230261322635766,0.0,462.3950608977065,460.16958355420184,462.6520727539277,461.85833520319403
0.5400000000000001,0.006241178673365983,-6.835747095994561e-05,10.349138365165592,6.2763420287247484,6.2702518126886915,0.0,0.03674123820314621,-0.007477970263846639,1.0539281873135868,-0.008963365905409353,-0.028661342242704283,0.0,397.1444978168284,397.47784448847005,397.4441711185751,399.7788750607128
0.6000000000000002,0.008747555622699757,-0.0006752387287956805,10.417525855569624,6.2759618646389725,6.268841751070145,0.0,0.046976757591405884,-0.01280138342826525,1.2254836101412456,-0.0015404540723055662,-0.014785901045538112,0.0,460.02890441763833,461.1261097993902,459.5076024635072,460.09569965995564
0.6600000000000003,0.011874980367857214,-0.0015975211722132272,10.49469226721264,6.275862530986508,6.268083145920258,0.0,0.057354853955480636,-0.01795046250506936,1.3465934517130758,-0.0018867920516908788,-0.00867022193677337,0.0,444.06040800425393,444.5618647325224,445.8586179880927,445.8303598311424
0.7200000000000003,0.015615566505616763,-0.0028195869504456083,10.57760274004885,6.275936799333122,6.268429876489147,0.0,0.06732908744229951,-0.02278573618905383,1.4170038568767735,0.006851174566760921,0.02514749463713265,0.0,427.69936527896965,430.5696709361648,429.01496780112694,429.75616056131975
0.7800000000000004,0.019922889489742593,-0.004318968160080208,10.663453241804406,6.276720445777823,6.269923109959688,0.0,0.07611058990734895,-0.027136855639291434,1.4446471232687659,0.023241143717299913,0.024361607511133126,0.0,415.57468620800023,415.5059451868085,414.4843882096769,415.9221064473077
0.8400000000000004,0.024754098728715503,-0.0060735850454833465,10.752841463043607,6.277712637307975,6.271193588037743,0.0,0.08478968624891778,-0.031224242796077495,1.5348457205089148,-0.002314417921904179,0.01388704902424431,0.0,436.07050789365707,435.1947321734884,437.18859717069114,435.05422799351516
0.9000000000000005,0.03013737816685959,-0.008082628361674254,10.852297802572382,6.278660624787129,6.272161944969856,0.0,0.094536956558096,-0.03567512626428676,1.780018372609089,0.03828927898257997,0.02030076085814353,0.0,483.0001494462436,483.48345893899454,481.2814655968379,484.34459811588516
0.9600000000000005,0.03603601537199596,-0.01030897799366549,10.962453018044277,6.2812600940586485,6.273612691597036,0.0,0.10194271041235937,-0.03828037193576162,1.891646516776536,0.05185803045245485,0.030983877328596213,0.0,442.9318637227308,443.8095920852572,443.42748847202404,444.54168766461635
1.0200000000000005,0.042339037082543315,-0.01263327959136088,11.078562071266003,0.0010371007993983383,6.275755447424935,0.0,0.10795478955425439,-0.038891885430484024,1.9785112576470167,0.04386970691621508,0.04379946903453756,0.0,435.31007189114285,436.3816782256749,436.9452373313708,436.28036435071743
1.0800000000000005,0.04897695685672728,-0.014931132460087497,11.202925533659595,0.0038541472688589096,6.278978828742167,0.0,0.11296414507103793,-0.03738972092113468,2.1666026474532414,0.052491591580582045,0.06848567087010503,0.0,467.304763070535,469.22665319129743,466.81041238738226,467.4838730636287
1.1400000000000006,0.055823169174775734,-0.01708573306808566,11.335209431249453,0.007347165863374805,6.282855933056734,0.0,0.1148474279954207,-0.03410213349833128,2.2427148863314876,0.06772870939031495,0.055478063329498555,0.0,434.0491042284484,432.9592762033168,433.5470910446096,434.82777101398307
1.2000000000000006,0.0627058147658277,-0.01892292307260627,11.477932755323287,0.011343005666794248,0.0032132112597054174,0.0,0.11413536409029267,-0.026628875698316633,2.5141699117093133,0.06423394403289726,0.06535706254315068,0.0,493.17387780116405,493.90502564182486,492.3083554529834,492.0525480573711
1.2600000000000007,0.06944055913424073,-0.020175767939188603,11.63974991107613,0.015088517560267078,0.007150379480632907,0.0,0.10980452116308982,-0.014606315992238904,2.8788842978032587,0.05853916635395722,0.06613894148346694,0.0,518.0596493716426,518.1171361345947,521.3622775634003,520.9664349227359
1.3200000000000007,0.07588155806309074,-0.020760519399009254,11.813365083786753,0.018287992818254217,0.011473995205108167,0.0,0.10451419360388169,-0.004576824425912702,2.9082070771212627,0.04005193377651591,0.08184223341097807,0.0,421.6174405203437,422.97623024351856,422.6859737224499,421.09170108912826
1.3800000000000008,0.08189593924664114,-0.02064854158902103,11.99081346200654,0.02113125568103591,0.016719641968625076,0.0,0.0954493348665554,0.00857452836842664,3.0064752287699488,0.05904809452927061,0.09674126348092274,0.0,444.70463058696197,445.929603459431,442.8279229549568,444.3891021535477
1.4400000000000008,0.087205266034369,-0.01962551630469637,12.176859221103621,0.02514314473880397,0.023552827445894486,0.0,0.08079543773501634,0.02595323328029414,3.1945226781819525,0.07913076821298587,0.13558213972926575,0.0,470.4918820410069,473.49944289861963,471.9153477591682,473.4659208569114
1.5000000000000009,0.09152619975416082,-0.017522820291996394,12.371833737218719,0.029957011544827772,0.03192303489359105,0.0,0.06238788835352803,0.04462250246499178,3.3042838636377523,0.08234441031659506,0.14636832471417122,0.0,449.3874796002105,450.2786801073169,449.53720224414985,449.8026320468526
1.560000000000001,0.09434219406155091,-0.013995192577153906,12.57997245882281,0.03452936752763858,0.04149416037900622,0.0,0.03025374862606022,0.07358476623936773,3.632629020633047,0.059642814908889084,0.17764216980467032,0.0,512.9281223467519,515.1639919091375,514.4172729607643,512.8108023694579
1.620000000000001,0.09542605225448297,-0.008989733084221012,12.797045154345158,0.03802523685268344,0.051775941656336144,0.0,0.004998070360471228,0.09355912136351051,3.6031715521228245,0.055355923258161986,0.15427786161666743,0.0,408.3304217441862,406.2712783731237,407.70351556590316,407.3229830147309
1.680000000000001,0.09438480167215686,-0.0024097346903340458,13.02058130720746,0.04104633116312506,0.06066521043626505,0.0,-0.04078850618706717,0.12613537581071374,3.847166840482143,0.03776951799795788,0.13166460152083043,0.0,493.21527033140944,491.56020377186326,493.03429545729267,491.7344969052802
1.740000000000001,0.09092067509459799,0.005835098668822129,13.250060091697613,0.0435364906615785,0.06860359947174555,0.0,-0.07532948339200977,0.14888918111594143,3.802222059900476,0.04808096483836541,0.13355896375119364,0.0,404.0853906902888,404.2741376353058,403.1909363026727,404.12263834129385
1.8000000000000012,0.08523032076137997,0.015501917976313392,13.47716931460984,0.046263258965469234,0.07697485934333503,0.0,-0.11503111754613252,0.1735716913113711,3.768131281901059,0.039575403123526066,0.14935394027032714,0.0,407.141634818591,408.5722388232962,407.445671447358,406.6858752724791
1.8600000000000012,0.07668008036902699,0.026892288444615015,13.706481208239714,0.04876639692607121,0.08586947658397381,0.0,-0.17086768804812,0.20633810074321662,3.8751443321915438,0.04569308147488441,0.1459279750781877,0.0,453.36359308611685,453.1083771479489,453.24588439235805,453.73820497591174
1.9200000000000013,0.06466762186182075,0.04026030268171425,13.941363429994949,0.05135509665049298,0.09482076164708175,0.0,-0.23039814465540395,0.23950816599449085,3.9538861636360974,0.037489598004793415,0.15501300641331694,0.0,445.7816973967269,446.54424168605226,445.1743615315804,444.5035741133406
1.9800000000000013,0.049015845400113056,0.05560703136517496,14.179780094200161,0.05323592378556086,0.10402246414892513,0.0,-0.2921729545951287,0.2722325341822012,3.993083733939277,0.014759231908518744,0.1498405591376563,0.0,434.1100796130025,433.69861097550887,434.410295642319,432.5002747955874
2.0400000000000014,0.029591241352932188,0.07289343414904237,14.41952832324539,0.05420933167758957,0.11342662356432598,0.0,-0.35612066641708834,0.3040549833344238,3.9983877812464783,0.019001784446827666,0.1678180256753108,0.0,422.55197687576106,424.12334413279314,422.6885763294987,423.05399305546945
2.1000000000000014,0.0059306353537138135,0.09221337711314345,14.66154575557003,0.05519455375683879,0.12334954222437666,0.0,-0.4335096889277457,0.34002476110539015,4.068459798417851,0.010680834520506974,0.16000887869900113,0.0,444.80005566801225,444.1860936226444,444.77771218165435,444.0955748332982
2.1600000000000015,-0.02277116933398019,0.11379681888219002,14.9093544253162,0.05559694731813991,0.13325131904078624,0.0,-0.5241853863342172,0.37944421570042985,4.191210589072354,-0.002744309961817378,0.17353424821752106,0.0,460.7840267153377,461.8768226672271,462.63368531465005,461.5752395196114
2.2200000000000015,-0.05698053122309008,0.1376898409214895,15.163418223418804,0.05615946864034793,0.14344828158384715,0.0,-0.6171080253457304,0.4169864666885557,4.277071680590703,0.02649215575494688,0.16160502148040704,0.0,451.71488311065633,450.7788984240724,450.8046569089156,453.1610768209614
2.2800000000000016,-0.0971374969869122,0.16391540008160405,15.42375301082637,0.057856599630190075,0.1529018774237887,0.0,-0.7223920611345407,0.4573318696936938,4.400066211477356,0.031650009955566945,0.1479212758343851,0.0,463.9227763229333,462.8692943996509,464.75558571230175,465.159884931381
2.3400000000000016,-0.14307083601767148,0.19232145249499663,15.68669455606431,0.060472183608760055,0.16163840912824678,0.0,-0.8094549179541155,0.4897227525062476,4.364599083086836,0.0605255183638115,0.14053538830571316,0.0,415.14659767276027,414.5194055424884,412.9526476772033,415.4933918529234
2.4000000000000017,-0.19458668458841963,0.22279663821783463,15.948782742551172,0.06388985286018922,0.1696596510826236,0.0,-0.9084575545625907,0.5264129266293007,4.3714293858900986,0.04866303785015888,0.11425469102139177,0.0,428.8570648629211,426.63549722210365,430.5810207858146,429.57849335891336
2.4600000000000017,-0.2526573328256585,0.2557076555222604,16.21400331725428,0.06698677123341668,0.17665008521190817,0.0,-1.0278586801129965,0.5708861342121367,4.468642643736149,0.05694609601765553,0.12066577924954314,0.0,458.7174821543327,459.238008688923,457.50954724211044,458.17024796662076
2.520000000000002,-0.317793875628614,0.29125826308001085,16.4836682292057,0.07006592317765037,0.1840405613485343,0.0,-1.1440061467548237,0.6144130051282994,4.519735345692578,0.036631004841848676,0.12776723988278924,0.0,444.98267176287106,445.57737126713624,445.92853544262607,444.2673730324338
2.580000000000002,-0.3902480708949027,0.3295490701476502,16.75744975946461,0.0721427709794984,0.1920389525524886,0.0,-1.2718411665515255,0.6621137870677363,4.605686982313994,0.0302410179936233,0.14255262253652812,0.0,456.37235752997935,457.56677559954124,457.67277176438876,457.16430769461743
2.640000000000002,-0.47038855402529217,0.3706836013732644,17.03558525144545,0.07379018116368119,0.20064386494847497,0.0,-1.4002709246266698,0.7091601973439717,4.664946458359789,0.021209651568047466,0.14508493590091878,0.0,448.7820538252924,449.0065333782551,451.74906591267853,451.0203132011086
2.700000000000002,-0.5583505184664568,0.4146479510255157,17.316973560041003,0.07524384512294979,0.20916149562566844,0.0,-1.5325529198588803,0.7564033532809225,4.7141356447712734,0.029667141150350608,0.1348460150316227,0.0,449.15728488483506,448.3445272982665,447.14432524538864,447.8329504335656
2.760000000000002,-0.654140333131537,0.46137602671195055,17.60000203896381,0.07677523940571085,0.21696785242126904,0.0,-1.6611247070441897,0.8013154440650317,4.719807255956947,0.015583823657756707,0.11837731164675036,0.0,435.7536505954303,434.39032478895405,435.7692167436017,434.5903288389343
2.820000000000002,-0.7571860234914165,0.5106121704423005,17.88064668800372,0.07745338021952719,0.22429377952606355,0.0,-1.7743424108089367,0.8399502270707894,4.635097353216134,0.0009564703912085032,0.12865468598344254,0.0,404.2595071539336,405.1996759642442,405.79066101917175,404.4751502670114
2.880000000000002,-0.8678396721684684,0.5624059906076855,18.15921087969284,0.07780407616578522,0.23175766729089542,0.0,-1.914767107713057,0.8864903982767796,4.649977334254428,0.014167767322749214,0.11413890750585125,0.0,438.9153565434602,437.72299995289654,438.7167929953685,439.8124394080247
2.940000000000002,-0.9873773647853956,0.6171016184741841,18.43997964761523,0.0784153350089909,0.23818957224691317,0.0,-2.070394233326034,0.9367126782443362,4.708375510306741,0.0007203986350958931,0.08735381357461709,0.0,454.62351362545485,452.48147600116926,454.45880879117135,453.37940541728165
3.000000000000002,-1.115154493030502,0.6744217320429446,18.71921339056816,0.07813766462565308,0.2430571631087881,0.0,-2.189321782800415,0.9739567206761504,4.599618354179611,-0.018357984898118997,0.06422284075985307,0.0,399.76955184547893,397.66184335998565,398.81532692994926,397.06866853682203
3.0600000000000023,-1.2501124018037597,0.733956141028039,18.991782029286234,0.07681425413793974,0.24691754938929034,0.0,-2.3096770922846166,1.0104447502714595,4.486246585857126,-0.030728958142222186,0.06457249998382254,0.0,396.1485308261306,396.1842713403657,396.6647469098684,395.52673968706364
3.1200000000000023,-1.3921706651697126,0.7955986161948896,19.256796834900314,0.07489373066797,0.2506212469585236,0.0,-2.426015750308839,1.0441902623130819,4.347926871194831,-0.034699074772435515,0.055331022963531304,0.0,387.18756676855793,386.3203202636616,386.04282212455405,385.6674045618619
3.1800000000000024,-1.54234321491231,0.8595464097734237,19.517667790118637,0.07284423746430946,0.25377552437846607,0.0,-2.580039393146306,1.0871873389812143,4.34751373837129,-0.033098096900677366,0.04638750617755872,0.0,434.0583969643954,433.3089502067797,434.67448696970496,434.808142528176
3.2400000000000024,-1.7008007048646385,0.9257482038544957,19.774566517017085,0.07089426667719945,0.25651771218463715,0.0,-2.702239380203793,1.11941232951693,4.216095483947318,-0.03132867669371672,0.0442984584947824,0.0,388.2782893946617,388.0837692937189,388.99946669563536,389.1645913337154
3.3000000000000025,-1.8672290091100687,0.9940096820557938,20.025788652482902,0.06895156572862415,0.2586505074861378,0.0,-2.8456708464693814,1.1558027772297161,4.157970988802685,-0.03456451855751977,0.00550973020441428,0.0,416.04951387566103,412.63947003353456,414.52968724925876,414.24472012287424
3.3600000000000025,-2.0436893330728583,1.064776444423404,20.278718932600107,0.06649729058312648,0.2588797199825086,0.0,-3.03629598859685,1.2027935886330408,4.272358643831603,-0.05825875294316891,0.00020657557877585392,0.0,471.04486162062886,470.63446262738466,471.83143342584253,469.99748454382325
3.4200000000000026,-2.23131741542119,1.138227854112016,20.537399014785457,0.06290331983244446,0.25857403880089525,0.0,-3.2179399355301572,1.2451822053888242,4.349796941867053,-0.06339977983789735,-0.018665787808184946,0.0,461.45761827740733,459.9653318950425,461.0327702230367,460.62393783656734
3.4800000000000026,-2.4304386507183255,1.2142818451816075,20.8029201334788,0.05889996646013884,0.25736051544380967,0.0,-3.4192121567264944,1.2894518892517817,4.5000927800146,-0.07436675617298623,-0.0235425156083792,0.0,483.80316636590607,483.4358589565127,485.1402543131724,484.3130362196383
3.5400000000000027,-2.64177216325338,1.292926855896825,21.077986540751805,0.05467619725880013,0.25561044242102593,0.0,-3.624956298771989,1.3314870504889635,4.667879019203144,-0.06345163467145223,-0.04385444898350927,0.0,491.36934493403936,489.8608119462672,490.9882303846586,491.79415936346055
3.6000000000000028,-2.86515939939118,1.37394039316122,21.362074371895428,0.05160405238607435,0.25267936637588395,0.0,-3.8209395115729214,1.3685432543837754,4.800975107560894,-0.033959587435656975,-0.061408868876501405,0.0,483.6639623681217,482.3385045877667,480.80337591184724,483.03121032163773
3.660000000000003,-3.0988381423184808,1.4568295260651183,21.648602736668803,0.050510661648419664,0.24853175504655134,0.0,-3.968248727682437,1.3943033232576922,4.7501239557880135,0.002294280756596658,-0.0927226355010198,0.0,426.8791361538574,424.1937686909169,423.4697967398052,426.57741935069527
3.720000000000003,-3.3419793292373132,1.5413815093302452,21.934698552290627,0.050659729441822954,0.24290582396559746,0.0,-4.136060031465462,1.4240861254373622,4.786193455135749,0.0028621686204769806,-0.09593572963992449,0.0,453.3904433663612,453.1249115400624,453.77488572178225,453.82042711121136
3.780000000000003,-3.595880593099296,1.6278772496963216,22.22604000532754,0.0509569084963033,0.23746244957419282,0.0,-4.326722615695079,1.459082353820873,4.92448441112639,0.008837323646183129,-0.08193696378480046,0.0,484.80611552407606,485.850732112294,485.30971792952147,485.75798232867123
3.840000000000003,-3.860776405589264,1.7164004663097192,22.524157769468033,0.051639558568120414,0.23217923079212444,0.0,-4.50271062005764,1.4917155743089408,5.012283195212293,0.016027078428113663,-0.10453030631917128,0.0,472.20461742241076,470.45195426229196,471.691964831875,472.2468420273473
3.900000000000003,-4.136018900221431,1.806863515126207,22.826943507459116,0.05258571602859341,0.2256726603709307,0.0,-4.671553305811939,1.5237828652563585,5.080231366304168,0.01524868914033527,-0.11770714634383829,0.0,466.947145061375,465.90801898620583,466.59727460681296,466.53638146960594
3.960000000000003,-4.421261553592667,1.8992563340439825,23.133610205378258,0.05342214854893079,0.21927686145402436,0.0,-4.836055476587334,1.5560345878782054,5.141698243025486,0.011186828682244625,-0.09054129146968994,0.0,464.74402155175943,466.8590063800296,464.69592155338347,464.37722588100894
4.020000000000002,-4.716101975714468,1.993549248687204,23.443066718649675,0.053615544001567095,0.21363026739397917,0.0,-4.991650813602165,1.5870875851126949,5.173343212780145,-0.021739424247232103,-0.10241635698970786,0.0,456.3399134706773,455.3834684836412,458.47798481344677,455.85389696321215
4.080000000000001,-5.019839285729095,2.089604642171591,23.752659836681538,0.05233961016473376,0.2074552406970147,0.0,-5.1327083481753855,1.614642028154504,5.146611129556571,-0.020334383753499084,-0.1039370569392181,0.0,438.2616977467187,438.1258868468759,437.87977517280336,437.99666453543466
4.14,-5.331816339344186,2.187246423105925,24.059828656918402,0.05201449184121909,0.20088350306087221,0.0,-5.266361815047331,1.6400309813410368,5.092686511579492,0.014374122164632588,-0.12408288373190984,0.0,429.73495408000184,428.01210252428484,426.9304018979595,429.88231933869343
4.199999999999998,-5.6517945675756325,2.2864177557872716,24.363934312142185,0.05326464995906477,0.19356331095801416,0.0,-5.3993430907536855,1.6657720394093303,5.044506534868223,0.0313556072127738,-0.11814190936292741,0.0,428.53861093281836,429.0293492342382,430.04757299433027,431.4839072536795
4.259999999999997,-5.98026245404913,2.3873109361408353,24.66807014609335,0.05477129687368176,0.186768662130949,0.0,-5.549189745993663,1.6974779647959841,5.09317973370412,0.008126145554970056,-0.10491470161453705,0.0,459.0122915768315,460.04994839615205,461.8331468930641,459.9970064312784
4.319999999999996,-6.317162249020623,2.4899845145670274,24.972516682286653,0.05487094721511365,0.18014337154071303,0.0,-5.680631774812527,1.7250020910199093,5.055315914061429,-0.01620344928347333,-0.12467823819474093,0.0,434.2736040710905,432.60087693793196,433.3717721658138,431.3214566122561
4.379999999999995,-6.662044903615274,2.5943478823348967,25.27550447703295,0.054135434196086685,0.1725033724584053,0.0,-5.815166461106511,1.7536962691258844,5.044488490624426,-0.005350442228957482,-0.1332497825074991,0.0,442.05811348233505,441.336106262562,439.93934187667725,440.8373515805308
4.439999999999993,-7.015768553802456,2.7006807332660534,25.582678550729153,0.05438883236487069,0.16514008011473802,0.0,-5.975008343993127,1.790683482686171,5.194038762142703,0.018593994340308624,-0.1072958896431532,0.0,488.6828974976888,490.60148849789624,488.92902200814626,490.7099960664489
4.499999999999992,-7.378311123699291,2.809016812173855,25.89472325001176,0.05605450214909702,0.15880666787393682,0.0,-6.109509069089084,1.8206362046047224,5.207482575624779,0.041659786846747406,-0.10229044268361001,0.0,449.8230762152374,450.21871949089456,448.58615553981645,450.45585910070986
4.559999999999991,-7.748691822966341,2.919115986932593,26.20640853451449,0.05866362617704368,0.15278396046855747,0.0,-6.236378035696299,1.8495525487146163,5.182244802226409,0.0469062282529369,-0.09680790049312765,0.0,436.75791223032263,437.2061369869326,437.42618412005055,437.86404516953
4.6199999999999894,-8.126359618381862,3.030880371771932,26.51466721402325,0.06198511253083705,0.14648959359252522,0.0,-6.352535384287959,1.876180962891853,5.093591382858863,0.06840471754465612,-0.13059719559294647,0.0,417.23190157425495,414.25937925644234,414.70651100194556,416.59325558591706
4.679999999999988,-8.511981343589992,3.144728397524408,26.82452477539104,0.06609168354770478,0.1382937170911136,0.0,-6.500949469954971,1.9191550956230465,5.234426819819912,0.06851896851006585,-0.15262720790103718,0.0,488.29008080312536,486.6277064017292,485.9991646880458,486.0108226496567
4.739999999999987,-8.905608061039159,3.2608587093279935,27.137083980555627,0.07012265359559944,0.12879972643402482,0.0,-6.619668246827535,1.952206929605025,5.184718816171238,0.0643684022816598,-0.17282775102067047,0.0,429.2499295398291,427.50660660177095,429.26512880163864,428.91623976270205
4.799999999999986,-9.306919578223166,3.379387590014687,27.451633671807866,0.07389298612791073,0.11807222984111654,0.0,-6.756670063197078,1.999124227870777,5.299987417540224,0.05959109382440683,-0.19467487091739866,0.0,479.56117852813645,477.8696241224726,479.7651204551061,479.40472861492526
4.859999999999984,-9.71590219550188,3.5005503698177924,27.76963937997135,0.07688378186810141,0.10638207452433335,0.0,-6.875554688345943,2.0399576055976802,5.300597670410021,0.009241435161705117,-0.19515945020447012,0.0,443.7255647547537,443.6486474901598,447.31740635941713,443.19859282184984
4.919999999999983,-10.132286883795768,3.624486662231654,28.09134850514259,0.07857736910011681,0.09487540306783782,0.0,-7.003141768923788,2.091348881197069,5.422844063855505,0.05138960853088001,-0.18576088115489292,0.0,480.57025084521763,481.249414817847,479.13269024883226,482.3271518984589
4.979999999999982,-10.555700088317106,3.7511450038088503,28.415313872927,0.08243698145640366,0.08380928971027135,0.0,-7.110250397015709,2.1309191645909316,5.37664919390425,0.08225373503474841,-0.18191137695394355,0.0,428.7703386541305,429.06300303260804,427.6217373187771,430.2464046292722
5.0399999999999805,-10.985342546814525,3.88013163955191,28.735176202253072,0.08764628122772766,0.07303904740629985,0.0,-7.210883452997276,2.169072976963388,5.28627637262163,0.09466768295509681,-0.17508461026606553,0.0,412.9726481980426,413.54070023750444,411.5670226347741,412.67135598703015
